12.9
18.2
17.2
18.3
22.8
24.3
28.9
31.8
32.8
35
36.6
37.2
33.2
35.8
37.3
42.6
41
40.7
39.9
40.7
42.8
44.1
42.4
46.8
41.1
45
47.7
44.5
44.6
42.9
46
45.2
47.1
48.5
48.9
49
47.7
44.6
47.8
48
50.3
47.2
49.8
51.3
47.3
51.7
52.6
51.8
52
53.9
53.4
51.9
53.5
55.9
51.9
52.4
53.6
52.8
54
55.1
56
54.1
53.2
57.9
56.9
55.4
56.3
56.6
52.4
55.4
56.5
56
55.5
52.9
52.6
54.8
59.4
58.3
57.8
56.4
57.4
56.6
58.9
59
59.9
58.6
58.9
55.5
59.1
57.3
61.2
60.2
57.6
61.4
60.4
61
59.7
60
61.3
61.1
63.3
64
62.3
60.7
61.9
62.8
62.4
64.5
63.8
65.4
63.7
64
62.7
64.6
60
64.1
62.3
63.3
63.7
62.1
62.8
63.2
62.7
65.4
62.5
63.5
63.2
62.2
62.3
65.5
66.7
65.1
64.3
64.9
61.9
64.2
63.6
63.8
63.9
63.4
66.2
65.4
62.5
63.9
62.6
65.5
66.1
63.4
67.1
65.1
66.7
68.9
68.9
69
68.5
66.1
68
71.1
67.1
70.2
65.2
67.1
66.6
69
66.2
68.5
68.2
66.5
71
66.4
67.8
68.9
67.8
66.1
68.4
67.5
69.3
68.1
67.3
66.8
69.9
69.5
69.6
67.3
69.2
66.4
68.1
67.1
69.8
69.1
66.7
70.4
71.3
63.8
68.2
64.4
66.6
70.1
69.1
67.7
70.7
72.5
73.3
69.7
69.4
69.2
71.4
69.4
70.5
71.2
69.1
69.2
68
72.3
72.2
70.4
71.9
68
70.6
70.6
72.2
73.8
69.6
72.1
71.2
70.9
71.5
72.1
71.3
72.1
70.5
69.7
71
70.2
71.3
71.3
73.2
70
71.1
72.1
73.5
74.3
69.9
74.7
71.3
71.4
70.5
72.6
74.2
72
72.7
74.9
72.6
73.1
73.3
72.7
71.6
73.1
71.6
68.5
73.5
73
72.5
75.4
73.6
74.6
73.7
73.1
74.7
74.3
71.6
74.1
75.2
72.3
73.8
71.9
73.1
74.2
73.9
73.9
71.8
75.6
72.9
73
75.7
73.5
74.7
76.3
75.4
74.4
75.2
73.3
70.7
73.3
70.9
75.9
75.4
72.4
74
74.5
77.5
75.6
74.1
75.2
76.5
73.6
74.4
76.3
76.6
76.5
75.2
76.1
75
74.6
75
73.9
75.7
77.5
75.6
75.2
75.4
74.9
73.4
73.3
74.5
74.4
75.3
75.4
75.8
74.6
74.5
74.6
75.7
73.9
74.8
74.5
74.6
74.2
74.2
76.3
74.4
72.8
76
75.6
74.3
74.6
75.4
76.6
72.3
72.4
76.3
75.7
76.3
77.5
79.1
78
78
78.3
75.3
75.3
78.3
76.5
76.9
75.9
78.1
77.3
77.7
77
76.9
80.2
76
78
74.9
76.2
73.7
76.3
76
80.6
77.2
76.5
78.5
79.8
77.2
78.8
74.6
74.5
77.5
77.6
74.9
72.3
75.3
77.4
77
75.4
78.1
73.9
77.1
77.8
77
78
80.6
81.2
80.7
78.9
79.3
76.8
77.5
80.3
76.9
79.8
76.9
76.9
78
79.2
75.3
78.5
77.2
79.7
75.6
78.6
80.4
79.8
80.9
78
79.8
78.5
75.3
76.4
78.8
78.5
76.8
77.9
75.8
79.2
80.7
80.6
80
78.9
79.7
77.1
77.3
77.6
79.4
78.2
78.1
79.6
77.7
80.9
78.3
78.6
81.5
83.3
82.3
79.9
82.2
78.8
81.1
78.8
74.7
79.6
79.7
79
78.4
81.5
82.3
80.3
81.9
78.9
78.5
80.2
77.6
80.7
80.5
79.8
81.1
80.7
78.1
79.2
78.4
80.8
77.3
76.9
81.5
79.8
79
78.3
79.5
80.8
80.2
79.4
78.7
79.7
75.6
78.1
78.4
80.4
81
78.9
78.6
80.8
80.7
80.7
81.4
79.6
80.2
80
82.4
80.6
80.1
82.7
80.7
81.7
79.1
78.7
81.7
84.5
82.1
82
82.7
82.2
82.1
80.5
84.1
83
80.9
78.5
82.4
80
81.7
80.2
81.5
79.8
81.2
79.1
78.3
82.6
78.3
80.9
81.4
80.5
81.3
82.6
81
78.6
79.5
80.2
82.3
78.5
80.4
80.6
83.7
80.1
81.9
82.4
82.7
83.1
82.3
82.9
82
83.3
82.7
82.9
82.3
80.2
81.3
83
82.7
79.8
83.1
81.8
81
79.6
83
82
81.2
82.3
81.4
80.7
81.4
81
81.9
80.5
83.1
81.1
80.8
80.1
79.7
78.2
80.3
82
81.9
79.2
80.6
80.1
82.2
82.9
80.9
81.3
83.3
81.9
83.6
83.7
84.1
82.5
85
84.2
82.2
83.9
83.7
83.7
84.5
83.8
83.4
83.1
82.2
82.1
81.6
83.3
83
82.9
79.8
83.6
83.4
83.6
82.5
83
84.8
83.5
84.1
85.2
84.9
83.3
79.9
84
80.3
82
85
82.4
82.7
83.5
81.2
82.7
84.3
82.9
82.7
83
78.3
81.3
85
81.7
85.6
86.3
86
85.9
84.4
84.1
83
84
81.8
85.8
83.9
85.7
85.3
83.5
82.7
83.7
83.4
86.1
84.2
84
85
83.5
83.6
85.8
85
83.7
82.2
81.6
83.5
83.8
85.2
85.3
85.9
84.5
83.9
85.4
83.9
84.3
82.6
84.6
83.6
80.2
82.5
83.2
82.5
83.2
82.6
84.5
83
84.1
88
86.1
87.8
87.3
85.9
87.6
84.8
84.2
83.9
86.5
87.6
84.5
84.7
84.7
85.1
83.7
86.1
87.1
83.4
86.1
86.6
86.7
83.1
84.4
84.9
83.9
83.6
84.2
81.4
85.9
83.3
85.4
83.6
84.5
83.1
81.1
83.7
83.4
82.9
83.4
84.5
83.5
85.9
83.8
83.1
84.2
83.8
84.6
83.2
82.6
85.4
85.5
88.6
85.9
85.9
85.1
86.1
85.5
88.2
87.7
87.5
84
85.4
86.2
86.5
88.8
85.8
85.4
85.9
85.5
84.9
84.7
85.2
84.6
84.8
84.5
81.3
84.4
86
86.6
86.6
85.6
85.1
84.8
85.3
83.7
87.4
83.9
83.6
84.4
84.5
84.8
84.2
85.2
85.6
85.5
83.9
83.1
83.5
85.1
84.8
89.8
86.6
87.1
89.1
89
88.8
86.5
87.3
87.2
86.3
84.3
87.7
86.9
85.6
88.4
87.2
87.9
87.1
84.1
88
85.9
88.2
84.3
82.5
84.7
85.3
85.8
86
84.6
85.1
84
86.4
84.5
85
86
84.7
84.4
85.1
84.4
87
86.7
86.4
83.2
84.2
85.1
83.4
84.8
84.2
84.7
86
86.4
89.1
89.4
90.4
88.8
86.5
88.7
86.8
87.1
86.5
86.9
87.3
87.7
86.6
86.3
88
86.5
86.4
86.2
88.2
88.3
85.9
87.9
88.4
87.5
87.4
84.7
87.2
85.7
86.6
87.2
88.3
86.5
85.1
85.1
85.3
85.8
85.8
83.9
86.3
84.4
86.5
84.9
83.5
84.1
88.5
86
86.2
86.9
87.7
90.6
89.2
90.2
88.2
87.2
87.7
87.4
89.6
90.5
89.1
87.3
89.5
86.2
86.8
86.1
88.1
87.4
86.9
87
89.4
87
86.8
86.4
86.5
84.8
85
87.4
85.7
89.2
87.7
87.1
87.6
86.1
85.8
84.9
86.3
86.5
84.9
85.2
87.1
86.3
84.7
84.5
84.9
85.7
86.4
87.5
86.2
85.4
87.6
90.6
88.5
88.4
88.5
88.9
89.9
90.5
86.4
87.7
87.6
88.1
89.4
88.1
88.1
86.9
88.4
87.1
87.4
86
85.8
88
85.7
88.6
86.1
87.4
87
84.9
85.5
87.3
88.4
87.6
87.2
86.6
86.5
87.7
88.2
86.7
86.2
87.4
86.7
87.2
88.4
86.5
87.3
87.5
85.7
85
87.2
86.9
88.9
88.3
88.4
86.5
88.3
87.2
88.8
87.9
87.5
91.2
87.1
88.4
88.5
89.5
90
87.3
87.2
89
87.3
90
88.5
87.4
87.1
88.3
86.4
86.7
88.4
86.9
88.5
87.1
89.4
88.4
88.3
87.3
88
88.2
87.4
87.4
87.6
86.4
87.4
89.2
87.8
88.1
87.9
88.7
87.7
86.5
87.5
85.8
90.3
89.8
89.4
91.1
89.8
92.2
90.6
90.5
89.2
88.9
89.9
89.7
89.6
91.2
90
87.9
90
86.9
88.6
88.4
89.6
88.7
88.5
88.2
87
88.2
87.8
88.1
86.1
87.2
87.8
88.4
89.4
86
90.4
87.8
88.7
89.6
88.9
86.7
87.5
87.3
88.1
86.9
88.1
88.7
89.7
86.2
87
86
87.4
88.9
88.6
89.5
89.4
89.8
89.1
89.3
90.4
90.5
88
91.4
90.5
89.9
90.4
89.9
89.5
90.8
89.7
88.2
87.3
88.1
87.1
89.6
90.1
88.5
89.8
89
89.7
88.9
87.9
89.2
86.7
87.3
87.8
87.3
87
89.2
89.9
88.6
88.6
87.7
88.5
89.6
86.9
86.6
88.7
87.2
88.5
88.6
90.2
90.5
92.9
89.4
90.5
89.7
90.5
89.9
90.6
89.9
89.4
90.4
87.6
90.4
88.8
87.7
89.6
88.2
88
89.1
89
89.5
89.4
91.5
90
88.4
89.8
88.7
87
90.5
90.4
88.5
90.5
88.3
89.5
90.8
89.6
88.5
89.8
89.4
88.1
87.5
88.7
88.8
88.5
88.1
87.5
88.2
88.4
87.8
90.5
91.8
90.2
90
89.5
89.4
90.8
89.8
90
88.4
90.4
88
89.2
89
91.7
90.1
88.5
89
90.4
89.4
89.4
91.2
90.6
90.1
87.7
88.3
89.3
89.9
90.2
88.7
90.8
88
90.3
88.5
89
89.5
88.9
90.3
90.9
87.7
89.5
89.4
88.2
89.6
89.7
90.3
88.4
87.5
90.2
87.9
90.2
92.1
89.7
89.4
90.6
90
92
91.3
89.9
90.2
91.6
91.1
89.7
90.8
90.3
90.3
89.9
89.3
89
89.6
88.8
90.5
88.7
90.1
88.3
88.7
89.4
89.6
89.7
90.7
90.4
88.7
90.1
89.9
91
90.7
87
89.5
89.1
90
90.1
91.7
88.7
88.9
89.9
90
89.8
87.3
88.6
88.3
90.5
92.4
90.6
90.8
90.2
91.8
90
89.6
90.7
90.2
90.9
89.7
90.5
90.7
89.7
91.2
89.3
90.4
91.5
89.5
90.5
90.2
89.3
90.1
90.6
90.4
90.5
90
89.3
91.7
88.7
90.2
87
89.4
89.9
89.1
91
90.5
90
89.1
89.4
91.1
90.1
90.4
89.3
90.4
88.1
88.3
89.2
88.7
91.4
92.4
92.6
90.2
88.8
89.4
90.7
92.2
91.8
89.9
90.8
91.6
91.6
89.2
88.7
91.2
91.2
90.7
90.4
90.9
88.4
90.3
90.6
89.7
89.6
89.5
89.6
89.4
90.4
88.2
89.4
89.5
89.4
89.3
90
88.7
91.5
88.8
90.8
90.1
90.7
90.1
91.3
88.7
88.5
90.7
89.6
89.8
88.8
90.6
89
90.6
91.3
91.1
90.9
91.6
90.7
92.7
92.4
92.2
91.6
90.7
92
91.3
91.7
91.9
91.5
89.4
90.5
88.3
90.4
91.1
90.2
90
90.3
89.5
90.7
90.8
91.1
90.9
88.9
90
89.9
89.9
89.3
91.3
91
90.3
90
87.6
89.4
87.6
89.6
91
90.6
90.8
86.3
89.7
90.4
89.9
92.4
93.9
91.6
92.6
92.5
92.6
90.4
91.6
91.8
93.6
91.1
92.7
91.1
90.6
90.2
90.6
90.8
91.6
89.1
90.4
92.3
92.2
91.6
91.8
90.5
91.2
93.4
91.2
92.8
91.2
92.2
90.6
90.5
91
90
91.2
93
91.8
90.8
91.8
89.4
90.4
91.2
90.9
90.8
88.5
90
91.1
90
91.5
91.6
91.8
90.4
92.9
91.5
92.4
91.1
90.6
91.8
91.6
91.4
91.9
91
90
89.5
90.5
88.3
92
91
91.2
91.7
90.8
89.8
89.7
90
91
89.6
88.5
90.9
92.1
90.9
91.9
89
90.5
90.4
91.7
90.9
90.6
91
91.4
90.1
90.3
89.5
90.3
90.1
88
91.3
90.3
90.9
90.9
92.1
91.7
93.3
91.4
92.4
92
90.7
91.8
91.2
91
92.6
91.7
91
92
90.4
92.5
91.4
90.9
89.8
90.6
89.9
92.4
91.4
93.5
91.1
91.6
91.6
90.1
89.7
90.3
90.6
91.8
91
90.8
91.8
90.3
91.5
91.6
90.8
90
89.3
89.4
89.5
90.6
92.4
90.1
89.7
92.1
92.3
90.3
92.9
91.5
93.7
92.8
92.6
93
93.1
92.5
91.6
90.6
93
91.1
92.7
91.6
91
91.2
92.9
94
93.5
92
90.7
92.8
92.6
92.7
91
91.5
90.6
94.3
90.9
90.4
90.2
91.6
90.5
90.7
90.8
90.4
91.3
91.2
90
89.5
91.7
91.1
89.9
90.3
90.8
90.4
91.9
91.2
90.3
88.9
92.1
92.9
92.7
91
92.6
91.2
90.9
91.4
93.9
92
91.3
92.8
90.5
92.2
93
91.6
92.5
92.4
91.8
89.6
89.1
90.9
92
91.8
90.6
90.6
90.5
89.2
90.9
90.6
91.4
91.5
92.3
91.9
89.9
88.7
91.5
88.9
89.4
91.9
90.9
93
91
91.9
89.8
92.7
91.4
91.6
92.6
90.5
91.9
91.8
91
92.6
90.5
93
93.6
92.7
93.5
93.1
92.8
92.5
91.4
91.6
92
91.6
94.1
91.9
92
90.5
91.4
91.4
93.5
91.3
91.2
91.2
90.9
91.5
91.9
91.8
93.4
92.5
90.7
89.4
90.2
91.3
92.2
91.4
91.7
91.5
90.3
90.6
91.2
89
90.3
90.5
92.9
89.4
89.9
91.4
91
93.5
92.3
92.6
91.5
91.5
91.7
93.4
92.3
91.8
91.7
91.5
93.1
93.2
90.8
91.1
91.1
90.6
92
91.9
92.1
92.8
90.6
90.9
90.8
92
92.6
92.7
92.1
91.4
91.5
92.6
91.6
91.8
92.5
92.7
91.1
90.2
91.4
91.4
90.6
90.3
90.9
90.2
90.2
90
91.5
89.8
91.2
90.9
93.3
91.8
91.8
93.9
93.7
92.3
92.1
91.6
92.5
92.4
93.3
92.2
93.7
93.7
91.2
92.6
93.6
90.6
90.8
91.3
91.1
92
91.5
92.5
91.1
92.4
92.8
91
91.6
91
92
92.3
90.9
91.8
91.6
91.7
91.3
90.8
91.3
90.5
90.3
89.9
90.4
92.8
92.4
90.7
92.6
92
90.5
90.7
91.4
92.1
93.4
94.3
94.7
94
93.7
93.9
91.3
91.6
92.4
91
93.5
93.6
92
91.1
92.1
91.5
92.8
92.2
93.2
92.8
92.5
92.5
91.3
93.1
91.9
92.7
92
92.1
93.4
93
91.4
92.6
91.6
92.4
91.4
93.4
92.9
94.1
92.3
92.3
91.8
90.7
91.5
91.8
90.8
91.2
93.3
89.5
94.3
94
95.2
94.5
93.7
92.8
92.8
93.5
92.9
93.7
91.5
91.9
91.7
91.9
91.7
93.4
92.1
92.4
92.8
93.3
91.9
91.2
92.5
93
92.6
91.9
92.3
91.7
92.8
92.3
90.3
92.2
92.6
92.5
91.8
92.7
92.7
91.5
91.8
89.9
89.9
91.7
92
91.2
91
92.2
91.2
92.3
93
93.5
91.6
92.7
91.6
93.6
93.5
93.4
92.1
93.1
91.7
93.6
93.3
91.9
93.7
93.8
93.4
92.1
94.4
93.1
93.3
92.4
93.4
92.7
92.3
92.9
93.2
90.2
91.3
91.8
93
92.9
92.7
91.9
92.9
92.8
91.8
91.2
91.1
91.6
90.9
91.7
91.8
93.3
92.7
91.6
90.8
93
92
91.6
92.3
91.8
