0.155601
0.130887
0.113318
0.100228
0.0893164
0.0798059
0.0712583
0.0632848
0.0557341
0.0491762
0.0434738
0.0383948
0.0340114
0.0303377
0.027256
0.0247047
0.0226645
0.021042
0.0197193
0.0186446
0.0177717
0.017064
0.016455
0.0159212
0.015443
0.0149868
0.0144659
0.013827
0.0135092
0.0132898
0.0131079
0.0129444
0.0127966
0.0126591
0.0125317
0.0124139
0.0123056
0.0122069
0.0121088
0.0120192
0.011937
0.0118575
0.0117808
0.0117086
0.0116384
0.011575
0.0115144
0.0114519
0.0113942
0.011341
0.0112864
0.011234
0.0111836
0.0111349
0.011087
0.0110413
0.0109972
0.0109561
0.0109154
0.0108744
0.0108334
0.0107928
