0.133333,0.0999274
0.52069,0.114958
0.416125,0.455387
0.777754,0.462487
0.627785,0.738955
0.892547,0.718603
0.850513,0.85088
1.01633,0.904271
0.948827,0.990386
0.979057,1.02222
1.23429,1.03774
1.21003,1.08665
1.21803,1.10223
1.18629,1.10004
1.25906,1.07964
1.18083,1.0644
1.08833,1.02683
0.882513,0.965651
0.932547,0.842278
0.859785,0.775474
0.629754,0.705371
0.404125,0.566428
0.26069,0.391543
0.317333,0.236655
0.276,0.189432
0.0386668,0.125073
-0.14069,-0.043805
-0.308125,-0.187244
-0.169754,-0.328379
-0.343785,-0.30844
-0.628547,-0.424192
-0.674513,-0.641239
-0.708328,-0.725844
-0.516827,-0.752091
-0.907057,-0.640484
-0.846287,-0.785057
-0.810027,-0.802027
-0.994027,-0.778954
-0.862287,-0.829516
-0.835057,-0.79619
-0.876827,-0.76306
-0.844328,-0.75938
-0.470513,-0.737995
-0.596547,-0.521811
-0.487785,-0.500998
-0.373754,-0.414508
-0.0681245,-0.287817
-0.0486899,-0.0514781
-0.0773332,-0.012899
0.2,-0.0101992
0.2,-0.0101992
0.333333,0.0807992
0.62069,0.181138
0.520125,0.283591
0.673754,0.403691
0.795785,0.575203
0.720547,0.720489
0.878513,0.805146
1.04033,0.896759
1.30083,1.00806
1.02706,1.09223
1.17029,1.14338
1.11003,1.17118
1.15803,1.18314
1.16229,1.18401
1.11906,1.17523
1.28883,1.15669
0.884328,1.12716
0.914513,1.08598
0.696547,1.03438
0.971785,0.968982
0.497754,0.889765
0.720125,0.798406
0.51669,0.695825
0.477333,0.587598
0.04,0.481178
0.270667,0.374968
-0.22069,0.26231
0.00787544,0.139849
-0.201754,0.0128502
-0.271785,-0.102379
-0.388547,-0.193661
-0.582513,-0.269843
-0.568328,-0.349207
-0.744827,-0.439415
-0.843057,-0.530795
-0.594287,-0.608153
-0.762027,-0.663211
-0.854027,-0.69611
-0.782287,-0.710887
-0.787057,-0.711765
-0.656827,-0.701935
-0.616328,-0.683318
-0.426513,-0.656653
-0.568547,-0.621496
-0.307785,-0.576875
-0.149754,-0.520947
-0.208125,-0.451847
-0.20069,-0.369079
-0.0293332,-0.274989
0.068,-0.175397
0.261333,-0.073762
0.55669,0.0374216
0.584125,0.172553
0.737754,0.325928
0.731785,0.475035
1.00055,0.679261
1.05851,0.876666
0.924328,0.942155
1.03283,0.960141
1.00306,1.05087
1.08229,1.13085
1.05003,1.16964
1.11803,1.18531
1.25029,1.18832
1.11906,1.18195
1.15283,1.1663
0.916328,1.14033
0.866513,1.10287
0.724547,1.05267
0.611785,0.988241
0.537754,0.908661
0.724125,0.815174
0.42469,0.712187
0.177333,0.605812
0.044,0.500509
0.0226668,0.395772
-0.0726899,0.286794
-0.000124544,0.169111
-0.369754,0.0446668
-0.323785,-0.0737582
-0.288547,-0.171617
-0.530513,-0.251871
-0.448328,-0.331424
-0.736827,-0.420978
-0.595057,-0.514266
-0.870287,-0.596095
-0.846027,-0.656358
-0.734027,-0.693786
-0.678287,-0.711981
-0.879057,-0.715407
-0.828827,-0.707573
-0.556328,-0.690663
-0.654513,-0.665662
-0.348547,-0.632543
-0.323785,-0.59039
-0.205754,-0.537549
-0.140125,-0.472021
0.0233101,-0.392552
-0.109333,-0.300612
