0.374718,1.05049
0.349637,0.908921
0.328336,0.782901
0.309841,0.676405
0.293142,0.584621
0.276753,0.504178
0.2613,0.440882
0.246746,0.389384
0.231796,0.343926
0.216871,0.306284
0.202014,0.278342
0.187462,0.255434
0.173073,0.233773
0.158774,0.213715
0.144276,0.195228
0.130364,0.177502
0.116531,0.160318
0.102295,0.143245
0.0879438,0.126346
0.0731716,0.110172
0.0599601,0.09528
0.0491262,0.0816825
0.0410786,0.0690565
0.0352724,0.0580226
0.030967,0.0494971
0.0273351,0.0431717
0.0243131,0.0382985
0.0215121,0.0342022
0.0190853,0.0306809
0.0168639,0.0276936
0.0149464,0.0250719
0.0132109,0.0227076
0.0115998,0.0205706
0.010161,0.0186897
0.00886891,0.0170319
0.00768018,0.0155616
0.0066148,0.0142443
0.0056601,0.0130504
0.00480462,0.0119668
0.0040856,0.0109935
0.00346047,0.0101284
0.0029721,0.00936131
0.00253234,0.00868124
0.00215282,0.00807652
0.00185011,0.00753599
0.00160233,0.00704983
0.00140716,0.00660902
0.00125413,0.00620438
0.00112373,0.00582694
0.00101621,0.00547191
0.00092441,0.00514238
0.000845946,0.00484191
0.000782313,0.00456889
0.000728529,0.00432089
0.000683854,0.00409514
0.000646975,0.00388798
0.000618445,0.00369521
0.000596097,0.00351141
0.000577359,0.00332791
0.000562368,0.00312853
0.000548832,0.00289474
0.000536745,0.00265623
0.000526188,0.00247165
0.00051603,0.00233303
0.000506912,0.00221678
0.000498146,0.00211231
0.000489816,0.00201486
0.000482356,0.0019231
0.000474809,0.00183885
0.000467845,0.00176356
0.000461264,0.00169638
0.000455052,0.00163561
0.000448937,0.00157975
0.000443377,0.0015276
0.000437749,0.00147824
0.000432113,0.00143103
0.00042686,0.00138549
0.000421493,0.00134126
0.000416393,0.00129813
0.000411273,0.00125594
0.000405912,0.00121465
0.000400734,0.0011743
0.000395734,0.00113497
0.000390917,0.00109679
0.000386213,0.00105991
0.000381855,0.00102449
0.000377545,0.000990631
0.00037325,0.000958428
0.000368788,0.000927919
0.000364418,0.000899098
0.000360335,0.000871924
0.000356352,0.000846329
0.00035231,0.00082223
0.000348333,0.000799531
0.000344505,0.000778131
0.000340731,0.000757936
0.000336919,0.00073885
0.000333435,0.000720783
0.000330009,0.000703656
0.000326407,0.000687393
,
