0.140308
0.0976786
0.0733389
0.059955
0.0493266
0.0404636
0.0332358
0.027917
0.0242935
0.0219055
0.0203348
0.0191939
0.0183084
0.0175801
0.0169519
0.0163834
0.0158655
0.0153977
0.014955
0.0145478
0.0141748
0.0138395
0.0135279
0.0132591
0.0130305
0.0128271
0.0126501
0.012496
0.0123676
0.012259
0.012159
0.0120721
0.0119912
0.0119162
0.0118495
0.0117906
0.0117321
0.0116828
0.011636
0.0115922
0.0115504
0.0115103
0.0114722
0.0114366
0.0114006
0.0113682
0.0113362
0.0113029
0.0112715
0.0112429
0.0112149
0.0111846
0.0111557
0.011128
0.0111007
0.0110758
0.0110492
0.0110258
0.0110008
0.0109759
0.0109585
0.010931
