0.413333,0.418125
0.36469,0.50231
0.508125,0.442526
0.501754,0.526295
0.847785,0.520362
0.704547,0.797912
1.01851,0.781737
0.880328,0.962909
1.06883,0.949219
1.32706,1.03021
1.20629,1.12869
1.33403,1.11926
1.15003,1.14362
1.06629,1.08524
1.11106,1.0218
1.08883,0.986103
1.02433,0.940187
0.894513,0.882324
0.748547,0.795736
0.607785,0.677487
0.541754,0.529729
0.380125,0.404685
0.62069,0.250746
0.257333,0.320884
0.024,0.177764
0.254667,-0.00493486
-0.22869,0.0293545
-0.320125,-0.211575
-0.461754,-0.36641
-0.395785,-0.50217
-0.436547,-0.559857
-0.418513,-0.621102
-0.612328,-0.65486
-0.900827,-0.729521
-0.943057,-0.816267
-0.766287,-0.848051
-0.850027,-0.822256
-0.954027,-0.822592
-0.598287,-0.82509
-0.883057,-0.718265
-0.668827,-0.737539
-0.712328,-0.656731
-0.662513,-0.618245
-0.396547,-0.566021
-0.247785,-0.420021
-0.257754,-0.270216
-0.200125,-0.186643
0.14731,-0.0995902
0.266667,0.114636
0.036,0.280129
0.036,0.280129
0.489333,0.383422
0.58069,0.485812
0.484125,0.5907
0.829754,0.702345
0.767785,0.822062
1.01255,0.943618
1.11051,1.05205
0.984328,1.13569
1.00483,1.19212
1.11906,1.22676
1.20229,1.24433
1.18203,1.2446
1.04203,1.22754
1.12629,1.19174
1.16306,1.13969
1.17683,1.07604
1.23233,1.00402
1.08251,0.92463
1.00455,0.836808
0.639785,0.738483
0.673754,0.627528
0.508125,0.503035
0.47669,0.366737
0.173333,0.224506
0.324,0.0845351
0.146667,-0.0466608
-0.16869,-0.167688
-0.192125,-0.280415
-0.217754,-0.386804
-0.503785,-0.487452
-0.516547,-0.58046
-0.458513,-0.661822
-0.828328,-0.728426
-0.648827,-0.779219
-0.843057,-0.814146
-0.910287,-0.833392
-0.890027,-0.837386
-0.730027,-0.826843
-0.674287,-0.802822
-0.787057,-0.766954
-0.848827,-0.720754
-0.456328,-0.666271
-0.626513,-0.604963
-0.368547,-0.537966
-0.211785,-0.465757
-0.261754,-0.387451
-0.116125,-0.301565
-0.18469,-0.2063
0.158667,-0.100576
0.368,0.0133866
0.153333,0.130182
0.32069,0.244752
0.456125,0.355842
0.557754,0.46648
0.927785,0.581102
1.04855,0.703699
0.930513,0.835985
1.14033,0.971028
1.09683,1.0912
1.07506,1.18185
1.07029,1.24203
1.19803,1.27758
1.33803,1.29254
1.04229,1.28748
1.22306,1.262
1.23683,1.21806
1.15233,1.16027
0.870513,1.09315
0.896547,1.01887
0.639785,0.937221
0.741754,0.846316
0.528125,0.743387
0.40069,0.625759
0.337333,0.49237
0.084,0.345946
0.178667,0.194454
-0.12469,0.048832
-0.176125,-0.0832469
-0.449754,-0.201036
-0.411785,-0.307748
-0.480547,-0.406602
-0.534513,-0.499942
-0.788328,-0.587771
-0.544827,-0.666571
-0.571057,-0.732396
-0.882287,-0.783271
-0.874027,-0.818649
-0.646027,-0.838554
-0.622287,-0.843334
-0.715057,-0.833676
-0.564827,-0.810635
-0.480328,-0.775611
-0.474513,-0.730285
-0.404547,-0.676446
-0.211785,-0.61574
-0.109754,-0.549353
-0.0641246,-0.477709
-0.0966899,-0.400274
-0.101333,-0.315603
