1.05049
0.908921
0.782901
0.676405
0.584621
0.504178
0.440882
0.389384
0.343926
0.306284
0.278342
0.255434
0.233773
0.213715
0.195228
0.177502
0.160318
0.143245
0.126346
0.110172
0.09528
0.0816825
0.0690565
0.0580226
0.0494971
0.0431717
0.0382985
0.0342022
0.0306809
0.0276936
0.0250719
0.0227076
0.0205706
0.0186897
0.0170319
0.0155616
0.0142443
0.0130504
0.0119668
0.0109935
0.0101284
0.00936131
0.00868124
0.00807652
0.00753599
0.00704983
0.00660902
0.00620438
0.00582694
0.00547191
0.00514238
0.00484191
0.00456889
0.00432089
0.00409514
0.00388798
0.00369521
0.00351141
0.00332791
0.00312853
0.00289474
0.00265623
0.00247165
0.00233303
0.00221678
0.00211231
0.00201486
0.0019231
0.00183885
0.00176356
0.00169638
0.00163561
0.00157975
0.0015276
0.00147824
0.00143103
0.00138549
0.00134126
0.00129813
0.00125594
0.00121465
0.0011743
0.00113497
0.00109679
0.00105991
0.00102449
0.000990631
0.000958428
0.000927919
0.000899098
0.000871924
0.000846329
0.00082223
0.000799531
0.000778131
0.000757936
0.00073885
0.000720783
0.000703656
0.000687393

