0.374718
0.349637
0.328336
0.309841
0.293142
0.276753
0.2613
0.246746
0.231796
0.216871
0.202014
0.187462
0.173073
0.158774
0.144276
0.130364
0.116531
0.102295
0.0879438
0.0731716
0.0599601
0.0491262
0.0410786
0.0352724
0.030967
0.0273351
0.0243131
0.0215121
0.0190853
0.0168639
0.0149464
0.0132109
0.0115998
0.010161
0.00886891
0.00768018
0.0066148
0.0056601
0.00480462
0.0040856
0.00346047
0.0029721
0.00253234
0.00215282
0.00185011
0.00160233
0.00140716
0.00125413
0.00112373
0.00101621
0.00092441
0.000845946
0.000782313
0.000728529
0.000683854
0.000646975
0.000618445
0.000596097
0.000577359
0.000562368
0.000548832
0.000536745
0.000526188
0.00051603
0.000506912
0.000498146
0.000489816
0.000482356
0.000474809
0.000467845
0.000461264
0.000455052
0.000448937
0.000443377
0.000437749
0.000432113
0.00042686
0.000421493
0.000416393
0.000411273
0.000405912
0.000400734
0.000395734
0.000390917
0.000386213
0.000381855
0.000377545
0.00037325
0.000368788
0.000364418
0.000360335
0.000356352
0.00035231
0.000348333
0.000344505
0.000340731
0.000336919
0.000333435
0.000330009
0.000326407

