init
50000
create
create
start
2.33577
2.19711
2.12583
2.11868
2.08108
2.03911
1.92301
1.87921
1.82765
1.77521
1.68712
1.76604
1.80899
1.69195
1.73243
1.61212
1.58857
1.61538
1.61882
1.61743
1.5299
1.52397
1.53859
1.49824
1.52699
1.45677
1.44776
1.53837
1.48582
1.53077
1.50749
1.46104
1.46372
1.42673
1.42627
1.40282
1.42858
1.48763
1.41981
1.4161
1.36348
1.41337
1.37098
1.34375
1.42484
1.36832
1.30789
1.33373
1.35199
1.33726
1.28012
1.30228
1.30787
1.24262
1.33052
1.28187
1.27704
1.27113
1.27552
1.26753
1.25678
1.24594
1.25852
1.17424
1.21715
1.25609
1.21408
1.25012
1.31719
1.22448
1.22009
1.19435
1.24351
1.26623
1.24372
1.20723
1.15042
1.16233
1.21577
1.18999
1.18225
1.19669
1.2125
1.16857
1.13689
1.14716
1.1398
1.20361
1.15588
1.16193
1.13119
1.09105
1.11704
1.11724
1.10265
1.12158
1.13675
1.09416
1.10733
1.0893
1.01889
0.992141
1.05953
1.10468
1.03385
1.047
1.07426
1.02468
1.06458
1.00093
1.04084
1.02988
1.04828
0.967781
1.11305
1.04139
1.05009
1.08051
1.01223
1.02823
1.04078
1.04508
1.03558
0.973536
1.03517
1.02383
1.06597
1.04698
1.02684
0.958507
0.976191
0.980013
1.05498
0.995833
1.02075
1.04944
0.994092
1.03163
0.998168
1.06358
0.98088
0.985953
1.05551
1.0322
1.03062
0.971048
0.975146
1.01905
0.936765
0.976083
0.924327
0.908783
0.894192
0.879217
0.880422
0.921694
0.938296
0.836421
0.950007
0.881448
0.970745
0.911583
0.963902
0.901384
0.933569
0.939893
0.922534
0.918433
0.887506
0.887381
0.929191
0.890871
0.880181
0.941307
0.897707
0.923116
0.890883
0.903494
0.932134
0.924738
0.858341
0.87178
0.850362
0.904209
0.923687
0.884346
0.910984
0.965956
0.877196
0.895503
0.934286
0.855428
0.843455
1.03824
0.917881
1.02842
0.913559
0.849365
0.862078
0.914748
0.801
0.800713
0.788402
0.825734
0.837359
0.845865
0.80787
0.871169
0.806841
0.807021
0.860971
0.862291
0.924795
0.790971
0.790982
0.828995
0.820571
0.895036
0.804466
0.846341
0.802061
0.746721
0.847475
0.800988
0.80924
0.819862
0.787837
0.839331
0.817112
0.765001
0.865099
0.86142
0.82284
0.812901
0.856924
0.865211
0.773994
0.812526
0.810412
0.772068
0.780604
0.746594
0.835116
0.747992
0.827816
0.809997
0.828072
0.781161
0.770455
0.797032
0.736867
0.681446
0.789238
0.797745
0.801084
0.794125
0.786262
0.774786
0.806995
0.823667
0.75306
0.76307
0.773022
0.715584
0.730118
0.710765
0.718692
0.768883
0.739528
0.735133
0.780902
0.712644
0.752002
0.777065
0.749854
0.784446
0.757866
0.784894
0.71315
0.70903
0.763013
0.709131
0.781391
0.750004
0.730916
0.774008
0.767002
0.684887
0.70482
0.696438
0.709383
0.754403
0.810516
0.721156
0.778368
0.764339
0.722124
0.778881
0.722812
0.737445
0.630806
0.650213
0.702597
0.702573
0.704097
0.72014
0.687881
0.676261
0.679204
0.656841
0.726398
0.687978
0.683363
0.708722
0.680675
0.733255
0.670051
0.673169
0.712273
0.706355
0.712223
0.69295
0.725733
0.762861
0.741462
0.759871
0.730761
0.678978
0.687343
0.720444
0.705596
0.717903
0.689065
0.731657
0.746848
0.687754
0.684436
0.720786
0.71953
0.692935
0.701696
0.741133
0.645887
0.722054
0.718722
0.704022
0.672035
0.680804
0.773087
0.787056
0.674832
0.673592
0.645125
0.637126
0.575106
0.628838
0.607332
0.637702
0.716513
0.703113
0.652084
0.676723
0.652392
0.644464
0.634858
0.672147
0.641627
0.644347
0.641922
0.606885
0.676421
0.635066
0.66138
0.646226
0.742294
0.64172
0.641477
0.584087
0.656667
0.664132
0.631523
0.571672
0.681032
0.623761
0.706571
0.657649
0.612099
0.620449
0.692771
0.720742
0.679563
0.661217
0.638819
0.690007
0.599928
0.729673
0.629836
0.629401
0.661695
0.631805
0.558899
0.551808
0.520438
0.594635
0.582166
0.654503
0.631242
0.564297
0.602901
0.561346
0.651576
0.671019
0.62388
0.597456
0.661666
0.652529
0.643105
0.57691
0.682457
0.594448
0.569988
0.566496
0.579958
0.632498
0.598004
0.621907
0.689463
0.662452
0.592955
0.626883
0.635223
0.601789
0.651635
0.60568
0.588103
0.556162
0.555334
0.606215
0.611271
0.63423
0.636194
0.619392
0.629072
0.622253
0.621966
0.580276
0.593581
0.557248
0.64631
0.613201
0.536222
0.495053
0.519408
0.572968
0.506293
0.566756
0.515328
0.575808
0.633671
0.550204
0.578863
0.616205
0.6032
0.542861
0.528109
0.550746
0.511209
0.582955
0.602996
0.516443
0.652908
0.562012
0.527677
0.570076
0.557732
0.523396
0.618376
0.574171
0.599256
0.576414
0.621695
0.614274
0.555755
0.546321
0.585864
0.609827
0.573522
0.546239
0.548953
0.618512
0.57548
0.580166
0.659747
0.566888
0.630014
0.529583
0.532258
0.592188
0.60777
0.561528
0.550641
0.542865
0.55588
0.55421
0.57091
0.530241
0.523624
0.555466
0.554492
0.457498
0.562417
0.513037
0.581288
0.565584
0.524707
0.494183
0.497011
0.525388
0.505967
0.522742
0.516728
0.528448
0.467054
0.465669
0.557833
0.593731
0.48228
0.58521
0.520477
0.549462
0.525108
0.56317
0.554177
0.581554
0.581217
0.484896
0.586374
0.548389
0.512684
0.531118
0.545033
0.461508
0.535142
0.553111
0.574829
0.55134
0.541944
0.594146
0.546396
0.533345
0.44642
0.525714
0.495108
0.483868
0.492472
0.479839
0.520042
0.476061
0.485813
0.475885
0.512108
0.45299
0.530284
0.560603
0.535846
0.484822
0.515161
0.515851
0.457561
0.494954
0.522975
0.575709
0.479096
0.523507
0.519691
0.50675
0.480968
0.560452
0.519324
0.511662
0.480513
0.519261
0.464752
0.543031
0.550047
0.54168
0.53699
0.55416
0.52312
0.527108
0.543126
0.55539
0.515509
0.539405
0.508154
0.485175
0.501863
0.521094
0.480819
0.523357
0.479482
0.444794
0.47533
0.472853
0.429755
0.482316
0.47176
0.478281
0.458005
0.470725
0.453447
0.442763
0.453461
0.457443
0.482853
0.490333
0.497783
0.434918
0.463449
0.491121
0.531921
0.443416
0.473492
0.495805
0.474517
0.485256
0.420483
0.497867
0.450731
0.439146
0.423004
0.482877
0.534784
0.479046
0.551419
0.491807
0.444817
0.502874
0.512253
0.45199
0.508875
0.526689
0.445919
0.485627
0.500406
0.502421
0.569127
0.527909
0.459353
0.492453
0.395268
0.409652
0.417121
0.40962
0.43405
0.4269
0.479448
0.44651
0.488106
0.413373
0.435449
0.432038
0.408997
0.460606
0.454395
0.452899
0.458406
0.442583
0.448699
0.432293
0.440461
0.44598
0.436461
0.416063
0.445469
0.483783
0.542398
0.476705
0.45086
0.457222
0.421998
0.424378
0.386092
0.465405
0.478307
0.396348
0.452212
0.450493
0.493621
0.464476
0.464376
0.53486
0.499637
0.457033
0.460953
0.454424
0.473306
0.444913
0.463413
0.457182
0.354498
0.380392
0.350515
0.382474
0.387819
0.41033
0.433416
0.42091
0.394207
0.377486
0.392693
0.410441
0.437317
0.415036
0.411164
0.455372
0.416449
0.386783
0.459989
0.414863
0.37528
0.414093
0.439262
0.453316
0.417473
0.429202
0.456086
0.46201
0.507974
0.400916
0.488465
0.424763
0.437466
0.437411
0.480188
0.505155
0.44817
0.483726
0.485449
0.4809
0.420046
0.445934
0.443507
0.439457
0.441929
0.470258
0.471077
0.428093
0.489333
0.456648
0.385764
0.37278
0.338312
0.377943
0.394007
0.38483
0.360308
0.397789
0.32614
0.331554
0.357909
0.438725
0.417505
0.40972
0.35761
0.343794
0.377194
0.419018
0.398949
0.377376
0.426598
0.406911
0.400115
0.451833
0.434275
0.436514
0.49855
0.427956
0.401716
0.390277
0.420322
0.398869
0.418387
0.40685
0.411135
0.443648
0.370168
0.466575
0.449536
0.458522
0.437117
0.424691
0.438015
0.415583
0.426148
0.428265
0.450093
0.479034
0.448189
0.418412
0.40739
0.353611
0.355329
0.365642
0.309563
0.303453
0.308634
0.391812
0.361814
0.353004
0.363088
0.414424
0.350852
0.351649
0.385729
0.335535
0.363337
0.33186
0.368815
0.423718
0.365845
0.394433
0.351708
0.428777
0.488306
0.399965
0.428565
0.369908
0.375041
0.440204
0.405027
0.435786
0.384768
0.428965
0.405926
0.398957
0.419014
0.422059
0.405855
0.416823
0.379695
0.366906
0.371472
0.435971
0.455861
0.423067
0.431554
0.446889
0.454466
0.444116
0.378339
0.341395
0.302665
0.319001
0.290904
0.32484
0.340421
0.296429
0.358869
0.38204
0.368362
0.363892
0.347974
0.340047
0.362339
0.359735
0.353475
0.36132
0.392928
0.366523
0.356588
0.333981
0.391143
0.334652
0.366807
0.358789
0.365777
0.411971
0.343069
0.39477
0.381831
0.384909
0.31567
0.398906
0.394922
0.382353
0.410091
0.386951
0.395043
0.435746
0.405256
0.423513
0.416
0.40194
0.430228
0.425087
0.355195
0.391241
0.373879
0.371765
0.365542
0.271736
0.283661
0.271627
0.309183
0.320579
0.307166
0.336966
0.297193
0.275232
0.314404
0.358545
0.287415
0.383043
0.336438
0.392023
0.314274
0.33341
0.370655
0.362024
0.297877
0.367166
0.370203
0.382043
0.334532
0.411108
0.401223
0.326022
0.355514
0.29916
0.331034
0.37172
0.345188
0.359291
0.39266
0.390902
0.396084
0.374666
0.40329
0.441679
0.359435
0.328729
0.397335
0.432557
0.389926
0.400444
0.390136
0.366272
0.374789
0.393062
0.334432
0.274209
0.299991
0.32104
0.324275
0.295496
0.295788
0.284584
0.363257
0.322901
0.350589
0.320975
0.296461
0.357933
0.328773
0.370063
0.348256
0.340972
0.346895
0.38821
0.375419
0.342964
0.384549
0.344373
0.369744
0.348038
0.364945
0.407593
0.400298
0.349219
0.310402
0.347777
0.351742
0.337159
0.364993
0.332223
0.327833
0.357911
0.36647
0.370963
0.367514
0.367157
0.32159
0.345714
0.332792
0.323858
0.413775
0.400081
0.34226
0.349029
0.321333
0.330873
0.306535
0.383526
0.31073
0.353779
0.324486
0.328909
0.353598
0.251802
0.355234
0.309191
0.306808
0.304826
0.289962
0.361396
0.34809
0.315888
0.330143
0.293365
0.315808
0.341245
0.349798
0.359768
0.379908
0.342289
0.340279
0.384755
0.317421
0.324109
0.312716
0.319146
0.330175
0.344754
0.337932
0.326099
0.345934
0.367274
0.335496
0.349586
0.383602
0.309344
0.324474
0.347197
0.347752
0.333864
0.360658
0.344933
0.341696
0.374705
0.286192
0.286516
0.30022
0.250242
0.29452
0.222776
0.250294
0.264639
0.278181
0.300967
0.275082
0.259991
0.282136
0.245709
0.277002
0.327787
0.306749
0.330486
0.285985
0.323617
0.253264
0.300106
0.33343
0.360808
0.36564
0.339662
0.330793
0.321614
0.360858
0.342062
0.307361
0.32088
0.298146
0.392266
0.291931
0.324015
0.311869
0.268499
0.297201
0.366184
0.332842
0.323087
0.360687
0.366867
0.314149
0.318666
0.320048
0.358304
0.379253
0.355901
0.347606
0.305607
0.311904
0.290338
0.319414
0.295238
0.288322
0.320268
0.283079
0.25172
0.313244
0.229284
0.263573
0.275601
0.274915
0.293673
0.291041
0.275117
0.298615
0.325313
0.334262
0.32974
0.330047
0.275506
0.267898
0.324008
0.293451
0.31629
0.303697
0.296669
0.303623
0.290057
0.378952
0.35527
0.315443
0.358829
0.353906
0.323795
0.292172
0.306527
0.332226
0.328959
0.292806
0.297711
0.343743
0.343888
0.293946
0.319148
0.313538
0.296911
0.287929
0.24882
0.221161
0.271645
0.264807
0.25061
0.266353
0.25773
0.261469
0.280543
0.279866
0.283805
0.331472
0.28806
0.33463
0.330449
0.281676
0.315211
0.32453
0.31908
0.287278
0.289394
0.293565
0.230586
0.284514
0.308763
0.304633
0.328111
0.343658
0.281426
0.260906
0.309424
0.285541
0.31292
0.342116
0.254866
0.269485
0.291252
0.267478
0.294128
0.347734
0.349588
0.31443
0.32777
0.323356
0.346399
0.333091
0.32608
0.308099
0.335363
0.280738
0.227505
0.238872
0.260695
0.303354
0.278669
0.241871
0.291779
0.284881
0.331997
0.269527
0.359383
0.296926
0.285155
0.242252
0.302136
0.31206
0.319062
0.265319
0.278844
0.27517
0.246903
0.289008
0.287852
0.341057
0.300808
0.296978
0.29927
0.258293
0.313253
0.237797
0.361529
0.31403
0.303917
0.332667
0.29449
0.326169
0.264122
0.281824
0.306326
0.276338
0.301438
0.320911
0.283372
0.297688
0.278163
0.346542
0.366046
0.282198
0.311784
0.252555
0.239811
0.246014
0.277227
0.255296
0.287021
0.220369
0.255064
0.284668
0.271048
0.256581
0.248137
0.29545
0.263198
0.271793
0.267086
0.258971
0.283902
0.309366
0.26765
0.303353
0.23099
0.272758
0.286144
0.302093
0.298833
0.313588
0.302521
0.272814
0.253657
0.266107
0.308506
0.269744
0.266848
0.249055
0.255021
0.357888
0.313586
0.290161
0.306347
0.280793
0.250909
0.30733
0.288483
0.277783
0.278987
0.279133
0.377761
0.319818
0.32192
0.258221
0.210933
0.251927
0.247153
0.270654
0.246081
0.279087
0.272258
0.237395
0.244808
0.255938
0.283528
0.243659
0.25383
0.303856
0.229824
0.271253
0.283486
0.253762
0.274533
0.260241
0.290694
0.285479
0.29721
0.254612
0.250873
0.283643
0.252695
0.282642
0.235239
0.26305
0.287019
0.342548
0.282427
0.282542
0.304707
0.283073
0.28101
0.267564
0.30088
0.306935
0.254617
0.263498
0.3014
0.301907
0.267073
0.355101
0.30645
0.299525
0.303497
0.223325
0.217357
0.220823
0.259131
0.293801
0.287569
0.262004
0.216997
0.226242
0.26341
0.262557
0.226044
0.249471
0.296559
0.300299
0.290774
0.241481
0.247594
0.255045
0.252528
0.29428
0.281746
0.278547
0.295528
0.301643
0.302088
0.280152
0.25223
0.268697
0.288214
0.282748
0.304406
0.281371
0.267776
0.288242
0.334958
0.228094
0.308158
0.248175
0.311969
0.27009
0.270941
0.242523
0.299412
0.291828
0.237385
0.298306
0.271719
0.292344
0.287768
0.277812
0.266972
0.225045
0.249459
0.248786
0.222666
0.242968
0.197888
0.204029
0.203581
0.209684
0.252755
0.227534
0.237589
0.259345
0.236567
0.25693
0.275319
0.27361
0.264758
0.274741
0.219167
0.292165
0.285067
0.266419
0.299072
0.280259
0.264612
0.246176
0.23949
0.294714
0.265023
0.277323
0.278691
0.27604
0.245173
0.247112
0.248346
0.28619
0.354717
0.315264
0.310718
0.27417
0.268931
0.258982
0.271354
0.34787
0.302876
0.269624
0.296607
0.215546
0.189439
0.240464
0.210779
0.207739
0.187382
0.250048
0.236234
0.224636
0.183798
0.241514
0.209799
0.289018
0.299927
0.271645
0.239833
0.257516
0.249421
0.301543
0.286586
0.213041
0.215719
0.224747
0.225275
0.25157
0.252973
0.200141
0.230886
0.212066
0.238267
0.215919
0.280893
0.286767
0.261915
0.256022
0.256558
0.208871
0.226519
0.253166
0.248967
0.317167
0.260507
0.272194
0.258062
0.260813
0.305962
0.296311
0.251852
0.279725
0.238438
0.221383
0.228648
0.244336
0.195729
0.22913
0.187067
0.226396
0.256446
0.225076
0.240315
0.255378
0.224717
0.266817
0.250667
0.26523
0.281376
0.333018
0.23971
0.253683
0.246625
0.229778
0.261244
0.249833
0.259925
0.258985
0.259216
0.298353
0.300632
0.245576
0.220955
0.237094
0.233409
0.286579
0.282924
0.252302
0.219071
0.253852
0.256309
0.251589
0.244875
0.300727
0.260387
0.283395
0.267008
0.263699
0.325468
0.25202
0.252986
0.253335
0.262184
0.224191
0.232052
0.190666
0.234263
0.198093
0.200999
0.256042
0.233116
0.237224
0.250989
0.202346
0.221729
0.264066
0.218664
0.231969
0.213818
0.23109
0.248334
0.267185
0.242614
0.225135
0.212734
0.251769
0.187553
0.234368
0.236318
0.237282
0.267649
0.28925
0.286016
0.262229
0.228801
0.248342
0.252832
0.215196
0.284715
0.244312
0.2577
0.261039
0.267252
0.28245
0.289613
0.323263
0.246906
0.205663
0.273084
0.272041
0.242289
0.225607
0.255395
0.21037
0.225562
0.184117
0.204117
0.187831
0.189574
0.203406
0.195521
0.210007
0.259912
0.205245
0.241022
0.222891
0.228336
0.230317
0.251067
0.183592
0.18486
0.17907
0.236854
0.259635
0.2191
0.230662
0.222016
0.221696
0.242621
0.228255
0.192998
0.224397
0.270325
0.263862
0.24087
0.270804
0.259649
0.25092
0.261343
0.239687
0.265621
0.274077
0.281791
0.237948
0.246301
0.285067
0.278789
0.257534
0.266746
0.223976
0.238593
0.257145
0.307348
0.225528
0.201149
0.19841
0.244514
0.207372
0.234104
0.258614
0.263764
0.187466
0.219371
0.241617
0.190981
0.251121
0.227828
0.208164
0.253027
0.2171
0.22625
0.216466
0.263161
0.255524
0.267087
0.222762
0.209058
0.24309
0.283346
0.251804
0.293325
0.243581
0.252811
0.257196
0.249615
0.23083
0.223649
0.29967
0.306341
0.242088
0.293889
0.298425
0.257105
0.256895
0.205091
0.268677
0.204952
0.26544
0.190085
0.227249
0.250942
0.238824
0.280123
0.207131
0.247023
0.250387
0.198538
0.286344
0.206811
0.171878
0.194616
0.166873
0.194636
0.211575
0.227267
0.242795
0.203239
0.21248
0.220461
0.1618
0.256732
0.252432
0.23933
0.232221
0.237791
0.194676
0.250407
0.244238
0.218918
0.224296
0.241385
0.224878
0.239559
0.179085
0.221154
0.242259
0.2958
0.25727
0.235277
0.218084
0.242662
0.219747
0.252476
0.254717
0.265903
0.266114
0.32136
0.262964
0.248597
0.214132
0.304866
0.25468
0.231341
0.246338
0.195948
0.230042
0.208542
0.232081
0.241377
0.202657
0.195441
0.191017
0.219555
0.222003
0.220093
0.165704
0.207119
0.215426
0.238238
0.230309
0.2545
0.213094
0.222715
0.248997
0.206269
0.245173
0.256525
0.242247
0.220953
0.239232
0.228643
0.219938
0.244765
0.232516
0.197984
0.244944
0.21518
0.217935
0.205251
0.236834
0.275041
0.243367
0.225833
0.253057
0.256737
0.270871
0.273664
0.271529
0.298775
0.258414
0.261062
0.209305
0.248979
0.198937
0.223598
0.225222
0.188572
0.181742
0.23507
0.226179
0.215703
0.208604
0.220099
0.202886
0.2085
0.176952
0.163107
0.224661
0.21838
0.200811
0.25044
0.239979
0.227475
0.250962
0.213
0.212516
0.218121
0.232465
0.188768
0.197111
0.23411
0.233827
0.275306
0.245606
0.21473
0.237864
0.210712
0.232453
0.238646
0.224658
0.235406
0.249972
0.254997
0.271037
0.26138
0.261435
0.204597
0.225678
0.245094
0.23035
0.22658
0.271164
0.267727
0.2427
0.211444
0.167441
0.166549
0.158344
0.169812
0.18975
0.16468
0.219578
0.236942
0.226308
0.216415
0.174766
0.169731
0.216826
0.239523
0.226394
0.246189
0.193445
0.203857
0.198018
0.202663
0.21929
0.22056
0.218213
0.190072
0.202983
0.198135
0.232857
0.220777
0.182342
0.194692
0.224158
0.190864
0.232875
0.197262
0.235042
0.203116
0.188847
0.171682
0.226456
0.22482
0.250748
0.241625
0.236984
0.231694
0.266518
0.239059
0.193513
0.280865
0.173669
0.160444
0.150496
0.161675
0.159805
0.169539
0.195143
0.172155
0.217158
0.162132
0.242531
0.218789
0.242058
0.249243
0.234887
0.193761
0.228111
0.216031
0.201411
0.192548
0.221926
0.237107
0.234475
0.191378
0.219978
0.24127
0.219336
0.232091
0.201187
0.21033
0.279674
0.203391
0.222673
0.193858
0.24316
0.23076
0.197771
0.21327
0.238549
0.298638
0.280545
0.220923
0.229551
0.224593
0.271445
0.23396
0.236699
0.22596
0.187507
0.198771
0.221047
0.185755
0.246343
0.185381
0.178941
0.197211
0.236631
0.190461
0.232752
0.185831
0.196326
0.232794
0.195845
0.183694
0.164252
0.199439
0.176406
0.201852
0.211324
0.180056
0.18081
0.20547
0.215096
0.198515
0.211883
0.269682
0.251386
0.207822
0.185907
0.214246
0.202068
0.223993
0.161924
0.226892
0.216819
0.221008
0.233036
0.226561
0.250524
0.228097
0.232302
0.219086
0.239135
0.194612
0.236986
0.19638
0.222903
0.218548
0.21606
0.247032
